0 Ba 3.0084082384052304 1.736850882600714 5.8738419275
0 Ba 3.008405230420509e-06 6.9474087409607135 5.8738419275
1 Ba 6.01680745159477 3.4737069757592867 17.6215257825
1 Ba 3.00840222159477 8.684264834119286 17.6215257825
2 a 0.0 0.0 0.0
2 a 3.00840523 5.2105578583600005 0.0
3 f1 6.01680745159477 3.4737069757592867 0.65989089750306
3 f1 3.00840222159477 8.684264834119286 0.65989089750306
4 k 3.00840523 3.4596749434467227 2.54356151754918
4 k 0.0 8.670232801806723 2.54356151754918
5 k 1.51635356372397 0.8754414574566387 2.54356151754918
5 k 4.52475879372397 6.085999315816639 2.54356151754918
6 k 4.500456896276031 0.8754414574566387 2.54356151754918
6 k 1.4920516662760304 6.085999315816639 2.54356151754918
7 g2 6.01680745159477 3.4737069757592867 4.47081604469735
7 g2 3.00840222159477 8.684264834119286 4.47081604469735
8 b 0.0 0.0 5.8738419275
8 b 3.00840523 5.2105578583600005 5.8738419275
9 g2 6.01680745159477 3.4737069757592867 7.27686781030265
9 g2 3.00840222159477 8.684264834119286 7.27686781030265
10 k 3.00840523 3.4596749434467227 9.20412233745082
10 k 0.0 8.670232801806723 9.20412233745082
11 k 1.51635356372397 0.8754414574566387 9.20412233745082
11 k 4.52475879372397 6.085999315816639 9.20412233745082
12 k 4.500456896276031 0.8754414574566387 9.20412233745082
12 k 1.4920516662760304 6.085999315816639 9.20412233745082
13 f1 6.01680745159477 3.4737069757592867 11.08779295749694
13 f1 3.00840222159477 8.684264834119286 11.08779295749694
14 a 0.0 0.0 11.747683855
14 a 3.00840523 5.2105578583600005 11.747683855
15 f1 3.0084082384052304 1.736850882600714 12.407574752503061
15 f1 3.008405230420509e-06 6.9474087409607135 12.407574752503061
16 k 4.5247587937239695 4.335116400903361 14.291245372549179
16 k 1.5163535637239698 9.545674259263363 14.291245372549179
17 k 0.0 1.7508829149132774 14.291245372549179
17 k 3.00840523 6.961440773273278 14.291245372549179
18 k 1.4920516662760297 4.335116400903361 14.291245372549179
18 k 4.50045689627603 9.545674259263363 14.291245372549179
19 g2 3.0084082384052304 1.736850882600714 16.218499899697353
19 g2 3.008405230420509e-06 6.9474087409607135 16.218499899697353
20 b 0.0 0.0 17.6215257825
20 b 3.00840523 5.2105578583600005 17.6215257825
21 g2 3.0084082384052304 1.736850882600714 19.02455166530265
21 g2 3.008405230420509e-06 6.9474087409607135 19.02455166530265
22 k 1.4920516662760297 4.335116400903361 20.95180619245082
22 k 4.50045689627603 9.545674259263363 20.95180619245082
23 k 0.0 1.7508829149132774 20.95180619245082
23 k 3.00840523 6.961440773273278 20.95180619245082
24 k 4.5247587937239695 4.335116400903361 20.95180619245082
24 k 1.5163535637239698 9.545674259263363 20.95180619245082
25 f1 3.0084082384052304 1.736850882600714 22.83547681249694
25 f1 3.008405230420509e-06 6.9474087409607135 22.83547681249694
26 O 6.0168074515947705 1.6158929924767447 1.2318621290353
26 O 3.0084022215947703 6.826450850836745 1.2318621290353
27 O 1.5368287697193501 2.586442762522029 3.50184358496924
27 O 4.54523399971935 7.797000620882028 3.50184358496924
28 O 1.3587612641556501 4.258166882451101 5.8738419275
28 O 4.367166494155651 9.468724740811101 5.8738419275
29 O 4.5452339997193505 2.624115095837972 19.99352412503076
29 O 1.5368287697193501 7.834672954197972 19.99352412503076
30 O 1.47157646028065 2.624115095837972 19.99352412503076
30 O 4.479981690280651 7.834672954197972 19.99352412503076
31 O 0.0 0.0 3.55355688929895
31 O 3.00840523 5.2105578583600005 3.55355688929895
32 O 0.0 0.0 8.194126965701049
32 O 3.00840523 5.2105578583600005 8.194126965701049
33 O 3.0084082384052304 3.594664865883255 12.9795459840353
33 O 3.008405230420509e-06 8.805222724243254 12.9795459840353
34 O 0.0 5.172885525044058 15.249527439969238
34 O 3.00840523 10.383443383404058 15.249527439969238
35 O 1.6496439658443502 0.9523909759088992 17.6215257825
35 O 4.6580491958443515 6.1629488342689 17.6215257825
36 O 1.39944693648617 0.8079438909594432 22.2635055809647
36 O 4.40785216648617 6.0185017493194435 22.2635055809647
37 O 0.0 0.0 19.94181082070105
37 O 3.00840523 5.2105578583600005 19.94181082070105
38 O 4.40784614967571 4.402613967400557 1.2318621290353
38 O 1.3994409196757098 9.613171825760556 1.2318621290353
39 O 4.61736954032429 0.8079438909594432 12.9795459840353
39 O 1.6089643103242903 6.0185017493194435 12.9795459840353
40 O 6.01680745159477 3.4737069757592867 13.032410561382799
40 O 3.00840222159477 8.684264834119286 13.032410561382799
41 O 4.65804317903389 4.258166882451101 5.8738419275
41 O 1.6496379490338902 9.468724740811101 5.8738419275
42 O 6.01680745159477 3.4737069757592867 22.2106410036172
42 O 3.00840222159477 8.684264834119286 22.2106410036172
43 O 3.00840523 0.0376723333159428 8.24584027003076
43 O 0.0 5.248230191675943 8.24584027003076
44 O 3.0084082384052304 1.736850882600714 1.2847267063828
44 O 3.008405230420509e-06 6.9474087409607135 1.2847267063828
45 O 0.0 0.0 15.30124074429895
45 O 3.00840523 5.2105578583600005 15.30124074429895
46 O 4.47998169028065 2.586442762522029 8.24584027003076
46 O 1.47157646028065 7.797000620882028 8.24584027003076
47 O 4.61736954032429 0.8079438909594432 22.2635055809647
47 O 1.6089643103242903 6.0185017493194435 22.2635055809647
48 O 3.0084082384052304 3.3057706959843434 17.6215257825
48 O 3.008405230420509e-06 8.516328554344344 17.6215257825
49 O 1.39944693648617 0.8079438909594432 12.9795459840353
49 O 4.40785216648617 6.0185017493194435 12.9795459840353
50 O 1.5368287697193501 2.586442762522029 8.24584027003076
50 O 4.54523399971935 7.797000620882028 8.24584027003076
51 O 3.0084082384052304 3.594664865883255 22.2635055809647
51 O 3.008405230420509e-06 8.805222724243254 22.2635055809647
52 O 1.47157646028065 2.624115095837972 15.249527439969238
52 O 4.479981690280651 7.834672954197972 15.249527439969238
53 O 4.47998169028065 2.586442762522029 3.50184358496924
53 O 1.47157646028065 7.797000620882028 3.50184358496924
54 O 1.6089582935138298 4.402613967400557 10.5158217259647
54 O 4.617363523513831 9.613171825760556 10.5158217259647
55 O 4.5452339997193505 2.624115095837972 15.249527439969238
55 O 1.5368287697193501 7.834672954197972 15.249527439969238
56 O 3.0084082384052304 1.736850882600714 10.4629571486172
56 O 3.008405230420509e-06 6.9474087409607135 10.4629571486172
57 O 6.0168074515947705 1.6158929924767447 10.5158217259647
57 O 3.0084022215947703 6.826450850836745 10.5158217259647
58 O 0.0 5.172885525044058 19.99352412503076
58 O 3.00840523 10.383443383404058 19.99352412503076
59 O 4.40784614967571 4.402613967400557 10.5158217259647
59 O 1.3994409196757098 9.613171825760556 10.5158217259647
60 O 6.01680745159477 1.904787162375657 5.8738419275
60 O 3.00840222159477 7.115345020735657 5.8738419275
61 O 1.6089582935138298 4.402613967400557 1.2318621290353
61 O 4.617363523513831 9.613171825760556 1.2318621290353
62 O 4.36717251096611 0.9523909759088992 17.6215257825
62 O 1.35876728096611 6.1629488342689 17.6215257825
63 O 3.00840523 0.0376723333159428 3.50184358496924
63 O 0.0 5.248230191675943 3.50184358496924
