500	500	28.0813
446.205	463.318	37.0301
512.447	567.986	41.0343
590.214	614.57	49.6175
499.259	643.743	35.1026
442.619	383.824	42.5447
557.164	496.175	29.2101
453.86	285.936	55.8777
620.436	528.36	28.6619
352.063	373.355	48.6145
531.186	412.044	50.4096
575.509	707.827	44.6416
270.513	343.879	38.0989
526.891	333.864	27.8402
538.574	771.073	27.6114
480.858	161.275	71.4649
164.497	341.715	67.9396
452.247	784.682	59.7813
72.4796	382.398	32.6698
440.184	565.789	31.262
390.291	510.553	36.1648
342.294	750.608	55.3303
640.217	748.173	31.6143
-7.7008	366.918	48.9911
591.514	130.456	43.4029
574.575	49.7677	38.8443
350.465	599.138	60.9608
261.346	250.999	55.2321
599.269	832.357	58.6419
615.648	403.143	34.5198
649.068	669.398	30.8188
256.296	722.066	35.28
-99.0172	420.209	56.7378
231.555	627.186	61.2125
697.462	189.614	77.9421
330.278	467.069	37.9464
74.1137	280.758	41.0781
283.082	419.493	28.5646
196.093	159.18	57.4114
576.74	208.959	34.33
476.984	32.773	57.096
113.2	188.794	30.6133
712.582	662.204	33.1006
186.066	41.9475	60.2496
630.911	-50.3577	76.042
374.926	23.4545	45.3868
188.832	499.193	40.2176
64.9742	107.052	64.2942
94.4203	10.5374	36.6125
362.577	249.925	42.1316
289.929	26.0407	39.6493
234.86	819.024	64.0193
109.742	471.65	43.3328
499.252	-55.1913	33.1362
734.514	545.762	38.7698
686.108	487.153	34.1623
193.093	721.184	27.9291
758.432	462.121	42.3702
128.9	693.637	41.9252
835.658	486.213	38.5269
435.743	-81.6831	35.6762
225.225	-47.0177	36.5541
437.704	660.117	28.5925
513.583	-116.6	29.923
504.376	-176.762	30.796
359.315	-140.29	60.6359
2.70431	35.8317	30.3097
772.722	686.88	31.9057
704.892	348.83	69.9519
414.483	900.779	62.303
696.844	848.635	40.2822
455.372	-144.809	27.7054
500.128	859.211	27.5703
802.298	287.778	45.0059
245.064	-113.247	32.3025
172.111	-90.711	32.2227
-74.7376	-29.7534	71.1726
-42.2293	156.191	53.635
106.291	-174.828	74.5857
85.7902	581.034	68.6431
270.701	-171.93	31.3426
728.079	73.2914	42.3422
799.929	756.743	43.0681
843.481	646.366	49.6309
750.308	-71.03	45.1308
708.15	744.513	36.4172
31.0068	485.2	35.4839
694.191	602.219	28.8271
964.982	688.941	79.1134
207.644	917.369	38.0218
332.237	949.609	33.3462
893.683	336.088	58.3638
334.101	148.647	62.806
824.34	95.2444	56.3903
757.589	-164.627	48.7488
9.45051	-140.4	28.1923
863.405	205.464	57.5107
112.474	829.133	58.783
748.099	902.79	34.2816
163.538	985.156	42.8505
539.428	908.463	35.4399
-30.0818	-189.27	34.6651
770.243	960.635	27.6571
-46.1238	269.725	52.9697
955.354	223.49	36.1888
108.546	1065.88	54.8222
1003.75	162.45	41.7086
599.616	-150.255	28.3478
48.7331	-53.2492	41.8052
806.279	396.536	38.8134
560.555	994.267	52.9266
273.033	1050.68	39.7583
426.199	993.495	30.9696
830.021	990.093	38.9858
662.384	937.781	54.0103
869.977	1.5148	47.859
207.693	1117.74	53.6888
-34.4632	516.006	36.8713
373.121	1055.77	50.6004
865.444	868.5	45.4023
825.687	1071.42	42.409
123.979	1204.79	67.0796
949.147	44.0377	42.008
278.157	913.333	31.7735
926.857	145.947	29.1682
847.224	-89.4155	45.637
-99.9746	-135.649	37.689
339.077	1138.24	37.9144
984.8	294.788	36.3548
70.5864	926.645	47.3451
1076.86	209.21	45.0743
559.479	1086.46	39.2692
874.597	769.288	32.6464
308.482	-42.7352	31.3312
558.472	281.922	32.4281
12.01	817.286	42.3774
798.391	1163.69	53.5365
53.6965	208.718	32.1369
-60.2804	801.833	31.5463
776.764	1251.32	36.4858
17.2907	654.941	32.126
898.776	455.302	31.7531
802.045	1331.72	47.7966
904.098	515.368	28.5488
1051.61	75.2941	57.7246
370.379	1199.11	29.6404
994.88	427.389	68.3231
402.535	1249.53	29.1121
-13.5364	927.993	36.7885
571.945	1190.52	65.5317
1105.03	338.212	39.7428
477.133	1225.7	35.597
908.923	-176.281	60.9105
1097.96	707.463	55.1473
-87.4351	864.419	36.6773
658.687	-151.596	28.9378
1075.85	804.663	44.3201
329.151	1285.4	52.5684
975.591	887.023	64.5849
678.999	1223.64	46.2566
262.009	94.0495	27.6279
1089.01	449.178	28.298
892.947	1126.34	44.4254
811.182	563.648	39.1699
-93.2219	691.208	37.4502
873.924	1278.2	41.8202
1157.77	384.672	30.5427
31.0539	1169.06	32.4784
612.377	1287.44	39.4869
1203.04	784.312	75.0365
45.5515	726.673	44.6115
973.566	1073.84	51.7788
436.406	1303.43	33.5066
1107.95	889.753	46.6256
27.4274	1036.92	31.3102
648.794	80.2545	32.7629
914.655	981.215	45.612
1023.04	-10.9245	32.794
941.442	1260.22	28.0513
500.577	1364.71	50.9894
1058.15	1047.34	36.8589
1117.48	1074.73	28.487
679.062	1036.41	45.3841
792.79	1433.76	54.572
1310.93	788.537	32.9388
1129.96	1157.38	55.0961
1148.81	982.705	54.9104
1009.92	973.34	28.1381
1035.65	536.386	41.351
993.284	1180.42	51.0894
862.271	1377.37	27.7735
26.0624	1102.49	32.2826
1137.07	23.1636	42.3778
482.974	1135.08	39.2984
-24.8491	585.18	32.722
1147.79	182.567	30.6936
1245.81	1088.09	79.8951
1208.34	17.4619	29.1222
1340.52	891.437	74.1313
1209.42	-47.4219	35.7706
1256.52	-114.15	45.9025
250.068	1351.67	50.6103
645.838	1361.1	41.4113
708.33	1313.92	36.8908
778.618	10.0115	34.1384
1206.54	183.651	28.0704
656.063	1474.72	72.4985
1073.84	598.926	31.4158
1229.21	932.102	40.0905
1118.77	1255.21	43.2682
1194.95	500.017	36.1324
682.582	1596.28	51.9194
758.311	1514.09	32.4587
1135.1	1337.95	41.0697
1213.28	562.795	29.2681
1296.56	498.9	65.4793
948.277	-34.7073	36.1842
413.35	1134.47	30.3284
1427.17	818.071	39.4033
892.611	1437.93	39.9633
1340.72	1022.31	35.5803
1006.86	1281.69	40.6917
1212.2	1313.4	39.8512
-78.1003	1110.71	72.2044
-107.346	972.749	40.6167
306.42	1430.58	44.6489
1116.94	-47.6443	30.7965
1449.27	607.707	45.8739
1254.83	1371.9	32.5331
1247.02	1446.03	41.9016
1393.66	985.543	28.8717
1469.55	885.352	40.116
1450.32	500.235	47.6039
1541.04	914.666	37.1469
1493.16	790.623	32.0693
1157.04	271.264	30.7036
1198.58	1537	60.2367
1544.07	482.715	47.7713
-10.8444	1213.12	28.3221
1299.41	646.989	76.0202
1145.88	-118.175	45.4426
1289.31	16.5707	51.848
1031.02	1349.12	30.9347
973.97	1430.98	41.6918
1579.79	400.248	42.098
1279.06	1589.76	35.9941
-108.381	603.058	37.2545
1616.03	1007.19	81.9448
1260.27	1690.73	66.5306
1436.09	421.47	32.2642
1556.18	834.112	40.8909
-99.154	529.179	28.6357
1109.46	511.375	36.5797
-83.1633	1238.98	48.4837
1008.11	-84.4973	41.2928
1754.37	1076.54	72.8064
1297.59	1305.46	45.9049
597.237	344.206	30.2744
935.685	572.416	36.6598
1287.84	1788.26	34.816
261.966	975.186	32.1633
1336.66	1189.17	27.6265
170.639	1410.88	48.4624
1450.2	995.932	28.3636
1370.66	1792.32	48.096
1346.01	-106.177	43.9438
692.526	1700.46	52.7332
97.2378	1500.43	67.3254
923.214	1372.21	32.5339
913.598	1837.01	28.4021
1153	108.46	43.5971
72.473	1346.42	68.9773
1207.34	1202.78	34.6245
1043.6	1410.25	30.963
710.061	1111.12	34.7367
1632.16	495.027	41.1762
1488.8	1054.48	41.4897
1585.88	307.372	50.9775
1526.72	566.883	37.9718
1234.99	132.138	30.7752
2.48869	1523.86	30.2767
-34.8977	1003.7	38.0633
795.367	1642.81	65.1632
1273	204.104	41.4668
1575.53	629.46	41.3944
337.378	1508.87	39.1784
1151.62	564.095	30.9257
175.742	1289	30.7356
1577.22	710.651	39.8135
1692.05	447.501	35.2799
1331.61	254.792	36.0167
1456.87	1806.95	39.3538
1777.49	461.177	51.2485
1382.01	188.052	47.617
743.466	1775.01	37.5618
1335.51	1626.27	31.2362
1407.54	1187.21	43.2771
145.604	1591.06	34.4747
296.042	1190.83	30.0455
1525.33	1859.81	47.1385
1804.72	1170.26	33.5836
1072.26	1465.69	31.4418
930.909	1495.84	28.9521
-57.5482	1427.14	64.7933
839.098	1535.95	39.2953
812.032	1836.95	54.8371
279.454	1547	30.029
888.002	1922.94	59.9029
454.025	1443.24	40.2995
1370.86	43.2576	33.9648
500.421	1504.36	36.4114
1650.37	259.532	29.3153
1774.06	1253.78	55.0495
1348.51	1552.64	34.6878
-42.4033	1608.13	65.2075
1222.75	375.181	35.1254
1301.16	-175.152	29.6879
1350.99	1438.38	62.3488
1397.8	1069.06	37.4865
-109.303	1679.18	32.3859
1145.68	451.45	28.378
1215.77	272.268	27.8359
717.445	1385.02	33.7805
1712.6	1374.62	79.6258
1013.71	-156.059	30.4883
1507.18	653.88	28.0437
1309.92	134.265	37.1362
-13.542	1715.29	45.5157
1450.17	142.007	34.6429
485.608	1577.79	38.5008
979.635	1890.77	37.2142
1369.61	1334.78	31.8558
1174.43	641.169	46.0564
1443.51	691.301	37.8556
-42.9282	1310.03	32.202
898.818	1623.18	40.1341
1035.37	334.2	27.7594
1401.5	1624.97	34.7615
1656.59	184.973	45.5032
1651.76	729.9	37.171
1449.1	48.6721	44.4578
1688.45	852.381	59.765
1013.4	1493.99	32.5149
1432.96	1324.24	32.3615
812.622	1736.39	29.9886
1050.41	1545.78	31.1411
1731.32	375.256	45.8231
1728.92	205.554	29.6933
1645.16	1130.11	44.1878
1490.92	365.311	45.7113
1202.77	-177.45	35.8591
1775.29	292.436	36.9652
1463.79	1450.72	51.1279
1646.38	101.591	38.3863
1822.34	539.331	38.8583
213.018	1525.34	39.8505
93.9858	1651.44	44.794
970.846	1543.84	29.8352
341.153	838.661	32.6892
1544.75	210.968	53.4463
1788.83	930.246	35.1385
513.178	1649.28	37.4407
1363.71	741.144	34.7145
1048.05	1843.26	46.0784
439.851	1642.49	36.2004
1507.95	1329.84	42.5209
561.482	1420.08	31.3178
388.297	1370.79	48.9429
1356.94	385.635	47.7492
1115.62	1905.93	46.0759
1583.36	1929.79	43.772
1442.05	-100.733	52.2526
1147.61	1406.26	28.3777
1682.08	1926.73	54.9946
1563.05	1403.62	49.5638
1392.4	1907.49	69.1134
1377.15	1252.76	28.5642
1498.64	1683.07	29.6158
1709.2	533.094	40.7007
1866.36	430.491	42.764
217.381	1594.51	28.5443
211.195	-164.329	28.6472
751.076	1051.01	27.6982
1110.21	1584.43	40.0604
1772.44	132.461	55.376
1118.76	-189.527	30.5423
386.759	1698.16	40.7286
1464.81	287.585	35.9685
302.256	1739.72	53.4432
942.658	1701.44	49.5667
334.415	1576.71	28.7218
1225.51	1918.88	64.2369
566.406	1726.51	55.6185
1525.83	131.642	27.8777
233.238	1222.8	40.4255
839.755	1998.93	29.0528
1586.63	1204.78	48.2717
1836.52	628.228	51.1621
1773.06	1485.21	46.4077
1517.69	-13.6665	48.2248
1503.81	975.769	28.476
1603.61	1666.34	76.6753
561.921	1822.21	40.1456
529.169	1914.78	57.7218
1683.48	633.475	43.7335
1858.66	1015.31	48.1297
1096.38	1708.79	37.7353
1597.45	44.4132	33.1108
1860.62	1251.1	31.5577
1892.14	692.274	33.6628
1735.76	1552.55	29.6212
202.823	1777.72	53.0011
291.497	1635.97	35.9583
1914.2	367.149	36.614
482.404	1708.83	29.5941
1823.27	1576.89	58.124
1872.16	301.007	40.7005
1104.57	1515.19	27.6747
1645.89	-36.9592	61.5881
1163.69	1763.49	35.5389
1656.01	1263.31	42.1094
1473.11	1531.61	30.297
1876.99	1342.58	61.3812
1779.79	802.806	44.162
1616.26	1479.16	42.7618
1896.95	1114.3	58.0097
1670.88	1796.38	69.7317
980.942	1606.56	33.694
1899.03	500.538	34.5277
-105.879	1751.82	40.2945
1493.09	1208.15	44.3789
1463.29	1612.63	28.248
1517.01	1749.34	39.1572
110.581	1781.64	39.3248
414.258	1848.72	74.8259
240.436	1673.7	27.528
50.7616	1841.85	45.5478
1713.37	1663.68	33.1148
1962.15	1275.98	46.731
1408.59	1514.22	32.8827
99.158	1935.14	58.6448
1965.45	665.707	44.312
1790.88	1706.22	55.3087
415.331	1537.85	41.2672
1581.85	133.151	28.1582
282.287	537.757	30.7775
1743.04	-23.9013	36.4327
-38.9983	1793.49	35.811
1915.14	1585.89	34.1923
1362.94	-178.372	30.2098
1905.93	884.5	60.5064
1970.82	483.507	39.2554
1905.87	166.055	82.2176
1811.73	-14.1387	32.9541
1981.42	761.938	51.3603
1818.09	864.757	28.6703
593.662	1983.1	36.2306
388.19	1977.4	56.4705
1930.84	28.1917	57.8893
1993.36	1176.34	46.2962
1338.47	1999.98	36.9579
1801.35	1925.27	64.2806
1954.05	1667.4	56.1356
1428.3	-179.888	27.9215
580.373	1635.89	31.076
1998.15	1573.71	30.5995
1919.47	596.059	37.8079
-60.5724	1870.4	44.0694
1859.57	1800.85	45.7923
1449.92	1990.55	31.9211
1137.33	1824.8	30.8069
-51.3109	1981.59	67.4285
1046.92	1116.14	31.8041
1761.37	1838.55	29.8796
1937.19	1827.98	36.4303
1977.56	1082.09	28.8016
1271.05	334.518	28.0161
513.179	1283.11	30.5967
642.933	1796.58	43.5946
1830.18	-89.9814	45.1004
1944.8	1925.21	61.1001
1745.11	708.718	53.2232
697.642	1888.36	62.55
1946.71	-65.886	37.5171
1813.89	-168.512	34.9054
1027.32	1939.69	31.0975
1553.95	-124.926	55.9402
1855.77	770.112	37.6317
1980.92	-138.154	42.4402
623.207	284.508	32.3578
1956.1	969.701	38.369
1389.52	283.974	28.8364
700.448	1998.36	47.4837
279.798	1826.85	36.259
479.141	1050.41	40.9373
297.12	1961.33	36.0063
775.495	1973.71	31.5097
965.206	1997.18	47.2086
1932.53	1433.92	45.1981
1676.73	1526.37	33.9594
231.762	1925.03	38.7566
1393.26	1696.84	37.4725
175.068	1689.61	33.6654
658.28	1150.08	29.8064
1718.25	-126.209	52.7795
1528.41	1127.28	38.4087
1971.1	294.662	55.5406
1201.57	1819.16	31.0035
1752.94	603.948	30.7212
1957.07	1511.41	35.2141
1997.29	1763.45	49.1955
1697.68	51.3676	33.4056
1377.3	108.932	31.0299
1018.06	1756.58	28.8215
1891.81	-129.008	27.8467
1166.17	1639.3	37.9995
1620.31	566.325	30.8221
903.13	1202.78	32.6887
871.762	1758.08	29.3135
-108.971	1511.83	34.2879
1817.76	1419.37	33.793
1539.39	1479.48	29.24
1434.11	1255.82	28.482
193.107	1862.18	32.0159
1857.85	1482.49	38.4283
1535.83	1544.9	33.8163
1818.27	55.8046	30.3275
1709.06	1178.29	35.8504
789.036	832.576	33.4072
1984.48	413.405	32.1657
1498.66	1934.67	31.2312
1375.06	555.904	30.7401
1146.81	1995.87	36.9761
945.485	1779.11	28.1547
563.236	1526.48	30.0394
1816.05	362.973	39.5015
1707.06	267.847	27.9843
1933.48	1033.57	28.3757
1634.92	-167.937	35.7333
1094.28	1775.65	29.1368
190.314	1998.6	45.6814
1995.93	1343.48	28.7441
1036.35	1642.43	32.3131
482.563	964.598	30.5182
1580.52	1298.2	36.6473
1996.77	545.154	27.6299
1136.04	1465.18	28.9034
1708.74	941.288	31.0049
1872.55	1999.52	38.5945
1062.56	283.467	28.9351
1264.08	1232.08	29.2277
1532.12	70.8636	32.6047
612.037	468.67	31.0587
1894.59	1715.12	27.8012
1686.74	1592.78	33.0247
1543.01	1997.7	34.2171
1396.88	-22.4353	36.6909
1660.87	340.938	31.1832
1293.39	1852.23	29.4028
1906.95	-189.555	34.5637
1912.1	1213.39	32.2498
1792.1	222.222	35.2322
1069.53	-130.858	29.7867
65.7912	1724.8	32.2579
-33.7688	739.242	35.1189
223.052	432.971	32.9592
-72.2608	75.8152	32.1685
370.671	1624.53	31.7095
1050.37	1999.74	33.2271
163.113	243.775	29.6701
1484.05	-185.739	28.1286
36.9795	1248.72	30.384
603.492	1568.23	27.9536
-107.205	759.621	31.5706
-103.115	1333.33	32.3344
1599.58	776.908	30.1163
493.325	1998.97	33.7799
1996.27	847.207	35.194
1288.05	1507.15	28.2253
1382.84	462.37	27.8937
1760.47	40.2441	29.5327
238.442	1460.03	29.433
296.607	1887.91	29.4124
1599.11	1548	27.9509
1453.57	222.555	29.863
132.826	-44.043	28.311
756.172	613.66	28.5126
1725.82	1998.57	29.1079
369.465	-49.3558	27.628
1352.07	1122.9	31.7744
936.574	793.664	29.1374
1505.2	718.64	29.2552
1282.98	981.504	31.0979
1459.18	1119.55	29.0583
1446.73	1737.8	29.8818
904.845	1554.18	28.9339
1868.71	1652.57	30.1466
1625.48	1993.39	31.1735
-109.969	325.967	32.1149
1565.89	1795.04	27.7557
628.567	1092.78	29.3652
1183.6	324.573	28.855
492.948	1774.62	32.191
794.3	1917.68	27.5873
1603.95	887.925	31.0607
1992.54	912.169	29.7327
53.4691	1586.96	29.4247
-104.242	209.605	28.2099
134.473	1845.65	27.9399
387.076	1458.78	28.4293
14.8041	1905.8	27.8173
1994.3	90.2647	30.8828
1281.9	406.891	27.5379
1000.47	790.971	28.9117
811.847	918.83	29.5044
1271.65	276.018	27.5892
895.194	1052.94	28.7066
1826.88	708.039	28.5491
-47.9087	641.365	28.0104
607.612	1877.23	28.0485
946.129	1316.02	27.9509
1998.42	1021.69	28.6651
407.153	91.6201	29.8685
257.458	484.034	28.4057
1272.13	1998.44	27.9712
1999.58	-26.0946	28.6565
1062.89	950.626	29.1111
437.923	1747.25	29.1392
1225.64	73.0736	28.8759
1650.51	399.261	27.7374
1519.36	1604.03	27.557
1999.74	1842.91	27.8757
1996.68	1998.24	28.4783
1418.69	336.27	29.3036
1225.93	441.964	27.7382
500.039	707.145	27.6978
1997.91	1401.44	27.8079
578.134	1347.17	27.5158
1430.7	942.028	28.0384
1999.82	1464.37	27.6195
-16.9081	443.673	27.697
1998.84	601.418	28.1325
